------device=cpu, nTh=2, width=32, batch_size=256, num_steps=20000------
------out_file: results/OTFlow/trainOTFlow------
   step          J        J_L       J_ML      J_HJB    
001000   1.6560e+01  3.1925e-01  1.5329e+00  1.8234e-01  
002000   9.6450e+00  3.3269e-01  8.6591e-01  1.3064e-01  
003000   7.5762e+00  3.5424e-01  6.5991e-01  1.2457e-01  
004000   6.8949e+00  3.6180e-01  5.9144e-01  1.2373e-01  
005000   6.4849e+00  3.6729e-01  5.4807e-01  1.2739e-01  
006000   6.1083e+00  3.6985e-01  5.1064e-01  1.2642e-01  
007000   5.8387e+00  3.6832e-01  4.8543e-01  1.2322e-01  
008000   5.7509e+00  3.6623e-01  4.7970e-01  1.1755e-01  
009000   5.6017e+00  3.6534e-01  4.6686e-01  1.1355e-01  
010000   5.4999e+00  3.6431e-01  4.5894e-01  1.0924e-01  
011000   5.3779e+00  3.6332e-01  4.4920e-01  1.0452e-01  
012000   5.2646e+00  3.6242e-01  4.3959e-01  1.0126e-01  
013000   5.1163e+00  3.6151e-01  4.2714e-01  9.6683e-02  
014000   5.0453e+00  3.5966e-01  4.2190e-01  9.3342e-02  
015000   4.9553e+00  3.5814e-01  4.1512e-01  8.9203e-02  
016000   4.8560e+00  3.5744e-01  4.0607e-01  8.7583e-02  
017000   4.7735e+00  3.5802e-01  3.9844e-01  8.6216e-02  
018000   4.7460e+00  3.5733e-01  3.9660e-01  8.4522e-02  
019000   4.6819e+00  3.5838e-01  3.9125e-01  8.2200e-02  
020000   4.6584e+00  3.5816e-01  3.8998e-01  8.0097e-02  
